$ANSIBLE_VAULT;1.1;AES256
32363766656161333534316166303130313834643736643237643437393965346539316234656333
3765613631343330373930613930303466643839656461630a616436623832316263363062396133
38393636383861623464346135313437646262653635643963326662333061646536346265353662
6334323464363662630a386662333330353964666666643861643537333263383531343137366632
61623065376531306263646337383636653465313065663837306231316530363339613431383732
33386634383131616439306333346633656632386638373563356564666362343864393236333639
33353736306637323433313135616235633232636365326534363630336333326536316562323035
65333664353231313836663136343062656261393635393865656637666461346130666433306238
33626634316365376235646636383061393163653630313961343835616332313466303266666632
37646639633765303066396431303566353365646432333430666163316264396636363761666337
38616266373739346231316463306633633331313965353930393961623636353963626665613236
63363361623161343339613364616164326330653762623038323564393964633435643938626563
36333435306365626666393464653436323463666232336632313432656133643231303630313364
35393432623061323038646337303436343731646664633037326439666130313962346261663833
31333961366136626435343630396463373162393264386436623439633762313232313831353039
33663166333464353166623631366630343664636633643331396565643730656531656632303032
39616465313664613635316163636533323066333161653332343335363530346432613561333332
63353030653232396435633161326233646337383064306264343536656361333863353531636564
30366531353262353632343134663136666666346365393032373039393061616566373335313162
63356332613437386337653838323266393930653736353166653839333439393038343666613334
39656461613766653161343932376639393034663638393265626464386438653635323639626561
30303366366333643834316238353664316333353338396337643362333638343861643139386539
61303364333037373232386364326462373466363463653637623134366261383633386336633537
35663332653930303632613436346636356237326562366132336132373630663761356665653764
32353033653430303532643638393665333966643264356166363537366638333662343935326161
6162373262633234306334326239373666356132383464353235
